---

home_latitude: 00.00000
home_longitude: 00.00000
work_latitude: 00.00000
work_longitude: 00.00000
